RECRUIT_ID	0
135144	1
137045	2
146798	3
436321	4
440725	5
462715	6
470220	7
489735	8
491733	9
513553	10
605582	11
613154	12
629854	13
630473	14
630490	15
641110	16
653758	17
658873	18
684118	19
699671	20
710899	21
711437	22
714735	23
715123	24
715235	25
715314	26
716883	27
717579	28
717837	29
722238	30
723063	31
724132	32
724437	33
724444	34
724643	35
724933	36
724937	37
724944	38
727367	39
728030	40
728784	41
736802	42
741514	43
742064	44
742066	45
742175	46
742176	47
742177	48
742179	49
742999	50
743653	51
744440	52
745292	53
745759	54
746437	55
746979	56
749277	57
750699	58
751813	59
752116	60
752546	61
752548	62
752549	63
752550	64
752551	65
752988	66
753136	67
753230	68
753232	69
753256	70
753267	71
753268	72
753269	73
753270	74
753294	75
753295	76
753296	77
754719	78
755031	79
755153	80
755203	81
755210	82
755438	83
756260	84
756951	85
757246	86
757314	87
757366	88
757934	89
757942	90
757943	91
757944	92
757945	93
757946	94
758341	95
759028	96
759030	97
759622	98
760917	99
761093	100
762409	101
762434	102
762557	103
762693	104
762694	105
762695	106
762696	107
762697	108
762698	109
762699	110
762700	111
763486	112
763534	113
763996	114
764015	115
764016	116
764026	117
764027	118
764098	119
764655	120
765036	121
765275	122
765277	123
765279	124
765280	125
765281	126
765317	127
765344	128
765345	129
765646	130
765723	131
765724	132
765725	133
765726	134
765727	135
765875	136
765898	137
765900	138
765902	139
765989	140
765991	141
765994	142
766200	143
766609	144
766610	145
766611	146
766612	147
766613	148
766614	149
766615	150
766730	151
766787	152
766789	153
766798	154
766805	155
766826	156
766868	157
766871	158
767175	159
767224	160
767230	161
767487	162
767496	163
767734	164
767781	165
768129	166
768232	167
768264	168
768280	169
768780	170
768785	171
768786	172
768787	173
768869	174
768870	175
768878	176
768880	177
768882	178
768884	179
768886	180
768985	181
769115	182
769116	183
769118	184
769120	185
769175	186
769177	187
769179	188
769180	189
769183	190
769195	191
769197	192
769198	193
769263	194
769276	195
769306	196
769312	197
769354	198
769358	199
769381	200
769459	201
769460	202
769490	203
769498	204
769509	205
769594	206
769600	207
769601	208
769602	209
769603	210
769604	211
769605	212
769681	213
769691	214
769692	215
769695	216
769702	217
769705	218
769714	219
769742	220
769754	221
769836	222
769837	223
769853	224
769856	225
770010	226
770038	227
770044	228
770048	229
770051	230
770078	231
770081	232
770086	233
770088	234
770107	235
770108	236
770226	237
770293	238
770357	239
770364	240
770372	241
770397	242
770398	243
770399	244
770402	245
770403	246
770533	247
770777	248
770783	249
770799	250
770800	251
770813	252
770814	253
770859	254
770860	255
770972	256
771084	257
771103	258
771109	259
771156	260
771191	261
771192	262
771193	263
771226	264
771264	265
771417	266
771463	267
771514	268
771540	269
771584	270
771628	271
771691	272
771875	273
771876	274
771880	275
771887	276
771944	277
771966	278
771968	279
772135	280
772206	281
772337	282
772338	283
772339	284
772412	285
772414	286
772457	287
772502	288
772515	289
772790	290
772819	291
772821	292
772822	293
772823	294
772824	295
772825	296
772827	297
772851	298
772862	299
772863	300
772865	301
772867	302
772870	303
772882	304
772899	305
772901	306
772904	307
772906	308
772907	309
773079	310
773121	311
773207	312
773208	313
773246	314
773247	315
773296	316
773318	317
773555	318
773641	319
773643	320
773644	321
773645	322
773733	323
774240	324
774241	325
774243	326
774514	327
774619	328
774721	329
774762	330
774769	331
774773	332
774781	333
774790	334
774793	335
774826	336
774827	337
774829	338
774830	339
774868	340
774876	341
774879	342
774882	343
774883	344
774896	345
774914	346
775014	347
775040	348
775053	349
775089	350
775090	351
775104	352
775140	353
775145	354
775154	355
775169	356
775172	357
775233	358
775235	359
775236	360
775238	361
775360	362
775474	363
775522	364
775523	365
775526	366
775647	367
775796	368
775836	369
775837	370
775842	371
776192	372
776201	373
776254	374
776335	375
776486	376
776586	377
776622	378
776733	379
776736	380
776834	381
776835	382
776854	383
776874	384
776875	385
776876	386
776877	387
776878	388
776939	389
777032	390
777354	391
777435	392
777437	393
777448	394
777457	395
777810	396
777817	397
778015	398
778330	399
778454	400
778474	401
778502	402
778674	403
778675	404
778676	405
778685	406
778761	407
778917	408
779236	409
779238	410
779287	411
779289	412
779296	413
779413	414
779474	415
779494	416
779495	417
779496	418
779497	419
779682	420
779694	421
779698	422
779706	423
779833	424
779856	425
779957	426
779975	427
780073	428
780074	429
780306	430
780379	431
781074	432
781116	433
781353	434
781595	435
781606	436
781607	437
781614	438
781636	439
781773	440
781961	441
781993	442
782039	443
782199	444
782219	445
782257	446
782599	447
782600	448
782602	449
782603	450
782618	451
782621	452
782624	453
782678	454
782876	455
782877	456
782878	457
782879	458
782953	459
783057	460
783076	461
783152	462
783274	463
783397	464
783557	465
783558	466
783875	467
784156	468
784318	469
784484	470
784501	471
784673	472
785197	473
785433	474
785494	475
785553	476
785555	477
785556	478
785557	479
785558	480
785559	481
785785	482
785787	483
785813	484
785814	485
785914	486
785946	487
786158	488
786162	489
786170	490
786186	491
786188	492
786239	493
786244	494
786268	495
786415	496
786523	497
786565	498
786566	499
786568	500
786572	501
786576	502
786590	503
786594	504
786613	505
786644	506
786648	507
786649	508
786742	509
786953	510
787254	511
787255	512
787295	513
787334	514
787413	515
787509	516
787519	517
787521	518
787523	519
787556	520
787593	521
787673	522
787717	523
787774	524
787916	525
787994	526
787996	527
788000	528
788017	529
788456	530
788565	531
788570	532
788629	533
788630	534
788631	535
788634	536
788680	537
788722	538
788815	539
788929	540
789034	541
789040	542
789274	543
789433	544
789581	545
789582	546
789601	547
789843	548
789847	549
789862	550
789913	551
789926	552
789981	553
790033	554
790134	555
790154	556
790302	557
790362	558
790560	559
790772	560
790778	561
790813	562
790815	563
791117	564
791118	565
791584	566
791598	567
791607	568
791609	569
791610	570
791612	571
791620	572
791744	573
791797	574
791801	575
791879	576
791919	577
791921	578
791934	579
791955	580
791956	581
791957	582
791958	583
791959	584
791963	585
791964	586
791965	587
791966	588
792001	589
792034	590
792035	591
792036	592
792037	593
792136	594
792138	595
792143	596
792154	597
792162	598
792377	599
792390	600
792391	601
792393	602
792498	603
792502	604
792508	605
792520	606
792595	607
792718	608
792760	609
792821	610
792866	611
792868	612
792993	613
792994	614
793038	615
793039	616
793056	617
793061	618
793143	619
793177	620
793234	621
793342	622
793343	623
793627	624
793654	625
793690	626
793714	627
793761	628
793763	629
793955	630
793991	631
793993	632
794003	633
794004	634
794007	635
794008	636
794009	637
794011	638
794555	639
794595	640
794596	641
794845	642
794849	643
794913	644
794914	645
794915	646
794924	647
795281	648
795358	649
795362	650
795373	651
795398	652
795404	653
795405	654
795415	655
795416	656
795417	657
795524	658
795525	659
795526	660
795531	661
795540	662
795665	663
795668	664
795670	665
795949	666
795973	667
796058	668
796200	669
796241	670
796253	671
796260	672
796264	673
796265	674
796268	675
796313	676
796417	677
796516	678
796681	679
796682	680
796753	681
796993	682
797090	683
797093	684
797131	685
797265	686
797445	687
797455	688
797507	689
797510	690
797511	691
797512	692
797513	693
797514	694
797515	695
797516	696
797543	697
797544	698
797617	699
797673	700
797907	701
797912	702
797917	703
797968	704
797999	705
798000	706
798003	707
798012	708
798032	709
798093	710
798115	711
798122	712
798123	713
798175	714
798202	715
798203	716
798204	717
798205	718
798206	719
798207	720
798208	721
798211	722
798295	723
798302	724
798317	725
798373	726
798374	727
798416	728
798506	729
798507	730
798509	731
798510	732
798696	733
798820	734
798922	735
799013	736
799181	737
799280	738
799593	739
799594	740
799730	741
799873	742
799875	743
799877	744
799893	745
799934	746
799992	747
799994	748
800016	749
800036	750
800040	751
800235	752
800273	753
800274	754
800276	755
800360	756
800418	757
800419	758
800453	759
800467	760
800691	761
800806	762
800814	763
801095	764
801193	765
801195	766
801318	767
801319	768
801320	769
800846	770
800875	771
800849	772
800874	773
801013	774
801194	775
801317	776
801330	777
801482	778
801514	779
801811	780
801830	781
801859	782
801942	783
802554	784
802593	785
802553	786
802254	787
802255	788
802256	789
802258	790
802257	791
802261	792
802263	793
802264	794
802259	795
802260	796
802539	797
802713	798
802674	799
802715	800
802838	801
802839	802
802840	803
802841	804
802858	805
803457	806
803215	807
803004	808
803013	809
803176	810
803190	811
803243	812
803266	813
803334	814
803335	815
803484	816
803486	817
803615	818
803926	819
805175	820
804900	821
803873	822
803874	823
804064	824
804213	825
804268	826
804349	827
804542	828
804547	829
804551	830
804577	831
804578	832
804581	833
804690	834
804755	835
804937	836
804941	837
805073	838
805174	839
805309	840
805993	841
806514	842
805374	843
805574	844
805534	845
805554	846
805537	847
805640	848
805853	849
805894	850
806013	851
806235	852
806339	853
806344	854
806353	855
806455	856
806617	857
806633	858
806641	859
806649	860
806647	861
806651	862
806691	863
806692	864
806693	865
806874	866
806875	867
806878	868
806880	869
806973	870
807403	871
807435	872
807757	873
807493	874
806890	875
806896	876
806994	877
806913	878
806974	879
807152	880
807214	881
807153	882
807257	883
807211	884
807213	885
807401	886
807404	887
807558	888
807561	889
807753	890
807759	891
807998	892
808005	893
808014	894
808262	895
807566	896
807567	897
807571	898
807572	899
807574	900
807575	901
807602	902
807755	903
807763	904
807758	905
807761	906
807859	907
807861	908
807868	909
807975	910
807979	911
808001	912
808002	913
808006	914
808003	915
808008	916
808264	917
809378	918
809514	919
808373	920
808558	921
808994	922
808626	923
808817	924
808824	925
808820	926
808828	927
808837	928
809419	929
809425	930
809423	931
809426	932
809895	933
809902	934
809982	935
810006	936
811273	937
810154	938
810233	939
811283	940
810243	941
810290	942
810291	943
810497	944
810574	945
810726	946
810857	947
810935	948
811206	949
811258	950
811274	951
811282	952
811737	953
811738	954
812118	955
812215	956
812235	957
812254	958
812237	959
812258	960
813877	961
813875	962
812833	963
812834	964
812926	965
813149	966
813254	967
813529	968
813531	969
813532	970
813533	971
813534	972
813536	973
813537	974
813657	975
813661	976
813815	977
813876	978
813910	979
813938	980
814034	981
814037	982
815651	983
814240	984
814244	985
814475	986
814613	987
814693	988
815191	989
815336	990
815337	991
815338	992
815613	993
815614	994
815819	995
815829	996
816134	997
816742	998
815893	999
815822	1000
815828	1001
815841	1002
815831	1003
815839	1004
815835	1005
816530	1006
815837	1007
815894	1008
816153	1009
816161	1010
816163	1011
816233	1012
816253	1013
816275	1014
816347	1015
816433	1016
816434	1017
816533	1018
816538	1019
816561	1020
816563	1021
816662	1022
816664	1023
816665	1024
816666	1025
816667	1026
816668	1027
816774	1028
816859	1029
816862	1030
816939	1031
817413	1032
817483	1033
817480	1034
816815	1035
816831	1036
816893	1037
816953	1038
817234	1039
817235	1040
817237	1041
817279	1042
817493	1043
817281	1044
817835	1045
817993	1046
818513	1047
819040	1048
818393	1049
817953	1050
817990	1051
817991	1052
817998	1053
817995	1054
818114	1055
818116	1056
818118	1057
818297	1058
818425	1059
818494	1060
818495	1061
818784	1062
819035	1063
819038	1064
819042	1065
819054	1066
819057	1067
819695	1068
819733	1069
819799	1070
820013	1071
820014	1072
820413	1073
820414	1074
821234	1075
820074	1076
819088	1077
819338	1078
819480	1079
819579	1080
819693	1081
819694	1082
819773	1083
819809	1084
819877	1085
819882	1086
820012	1087
820155	1088
820157	1089
820160	1090
820194	1091
820387	1092
820424	1093
820496	1094
820388	1095
820416	1096
820417	1097
820418	1098
820419	1099
820420	1100
820421	1101
820423	1102
821020	1103
821176	1104
821515	1105
822273	1106
822293	1107
822401	1108
823887	1109
823628	1110
821513	1111
821642	1112
821734	1113
821777	1114
821779	1115
821973	1116
822353	1117
822573	1118
822973	1119
823213	1120
823295	1121
823296	1122
823538	1123
823626	1124
823638	1125
823833	1126
823881	1127
823883	1128
823934	1129
823935	1130
823946	1131
824654	1132
825079	1133
824954	1134
825081	1135
824139	1136
824146	1137
824147	1138
824164	1139
824213	1140
824353	1141
824313	1142
824439	1143
824452	1144
824594	1145
824453	1146
824613	1147
825083	1148
824655	1149
824953	1150
825206	1151
825415	1152
825453	1153
825638	1154
825973	1155
825993	1156
826402	1157
826495	1158
827013	1159
826973	1160
827014	1161
826058	1162
826398	1163
826401	1164
826693	1165
826474	1166
827074	1167
827533	1168
827564	1169
827854	1170
827935	1171
828353	1172
828693	1173
828694	1174
827580	1175
827233	1176
827579	1177
827803	1178
827800	1179
827806	1180
827812	1181
827834	1182
827855	1183
827873	1184
828025	1185
828022	1186
828194	1187
828378	1188
828697	1189
828743	1190
828746	1191
828821	1192
828854	1193
829190	1194
829639	1195
829675	1196
829716	1197
830418	1198
830593	1199
829735	1200
829137	1201
829227	1202
829235	1203
829236	1204
829261	1205
829293	1206
829773	1207
830093	1208
830260	1209
830157	1210
830234	1211
830257	1212
830285	1213
830235	1214
830253	1215
830286	1216
830377	1217
830585	1218
830653	1219
831329	1220
831137	1221
831193	1222
831278	1223
831279	1224
830713	1225
830714	1226
831328	1227
830841	1228
830843	1229
830887	1230
831104	1231
831156	1232
831327	1233
831330	1234
832097	1235
832134	1236
832139	1237
832016	1238
831873	1239
831941	1240
832013	1241
832544	1242
831996	1243
832584	1244
832019	1245
832314	1246
832454	1247
832458	1248
832461	1249
832593	1250
832618	1251
832466	1252
832545	1253
832657	1254
832658	1255
832941	1256
832937	1257
832659	1258
832936	1259
832680	1260
832813	1261
832814	1262
832914	1263
832933	1264
832976	1265
833036	1266
833053	1267
832940	1268
832946	1269
833041	1270
833100	1271
833115	1272
833364	1273
834340	1274
833740	1275
833742	1276
833458	1277
833537	1278
833538	1279
833735	1280
833736	1281
833737	1282
833738	1283
833764	1284
833796	1285
833808	1286
833814	1287
833810	1288
833811	1289
833812	1290
833813	1291
833881	1292
834034	1293
834035	1294
834296	1295
834033	1296
834036	1297
834175	1298
834176	1299
834218	1300
834223	1301
834636	1302
834713	1303
834735	1304
834740	1305
834745	1306
834876	1307
835054	1308
835284	1309
835269	1310
834917	1311
834921	1312
834939	1313
835174	1314
835253	1315
835254	1316
835282	1317
835302	1318
835355	1319
835760	1320
836106	1321
835754	1322
835401	1323
835404	1324
835405	1325
835596	1326
835597	1327
835653	1328
835721	1329
835752	1330
835762	1331
835756	1332
835761	1333
835895	1334
835991	1335
836098	1336
835995	1337
836099	1338
836120	1339
836360	1340
837275	1341
837267	1342
837276	1343
836442	1344
836597	1345
836598	1346
836655	1347
836714	1348
836716	1349
836782	1350
836784	1351
837236	1352
837265	1353
837268	1354
837567	1355
837996	1356
837663	1357
837509	1358
837513	1359
837535	1360
837634	1361
837637	1362
837642	1363
837653	1364
837656	1365
837711	1366
837712	1367
837715	1368
837721	1369
837793	1370
837795	1371
837948	1372
837957	1373
837977	1374
837796	1375
837797	1376
837897	1377
837939	1378
837949	1379
837950	1380
837953	1381
837960	1382
838014	1383
838253	1384
838325	1385
838356	1386
838490	1387
838323	1388
838373	1389
838001	1390
838002	1391
838038	1392
838015	1393
838027	1394
838037	1395
838040	1396
838042	1397
838194	1398
838335	1399
838359	1400
838380	1401
838388	1402
838392	1403
838396	1404
838488	1405
838489	1406
838499	1407
838495	1408
838497	1409
838534	1410
839038	1411
839056	1412
839325	1413
839426	1414
839468	1415
839438	1416
838614	1417
838642	1418
838655	1419
839073	1420
839074	1421
839133	1422
839243	1423
839273	1424
839387	1425
839452	1426
840030	1427
840046	1428
840134	1429
840135	1430
840305	1431
840404	1432
841518	1433
841519	1434
841961	1435
842194	1436
842199	1437
841637	1438
840261	1439
840277	1440
840299	1441
840402	1442
841013	1443
841494	1444
841014	1445
841513	1446
841634	1447
841514	1448
841516	1449
841609	1450
841611	1451
841619	1452
841733	1453
841833	1454
841875	1455
841855	1456
841933	1457
842196	1458
842201	1459
842233	1460
842676	1461
842683	1462
842891	1463
842391	1464
842838	1465
842392	1466
842393	1467
842549	1468
842557	1469
842613	1470
842882	1471
842953	1472
842853	1473
842854	1474
842886	1475
842933	1476
842921	1477
842954	1478
842955	1479
843540	1480
843949	1481
843456	1482
843053	1483
843096	1484
843195	1485
843196	1486
843134	1487
843193	1488
843424	1489
843525	1490
843528	1491
843425	1492
843427	1493
843429	1494
843453	1495
843523	1496
843942	1497
843943	1498
843946	1499
843952	1500
843955	1501
844014	1502
844021	1503
844057	1504
844053	1505
844054	1506
844058	1507
844059	1508
844055	1509
844056	1510
845025	1511
844715	1512
844253	1513
844255	1514
844256	1515
844302	1516
844326	1517
844336	1518
844445	1519
844453	1520
844659	1521
844694	1522
844814	1523
844834	1524
844897	1525
845006	1526
845014	1527
845019	1528
845093	1529
845296	1530
845299	1531
873033	1532
873034	1533
873035	1534
873036	1535
42284863	1536
42303751	1537
42318180	1538
42325685	1539
845209	1540
42292653	1541
845255	1542
845361	1543
845365	1544
845273	1545
845297	1546
845360	1547
845415	1548
42303762	1549
849433	1550
852634	1551
856233	1552
881073	1553
42293658	1554
42298705	1555
42310679	1556
42310681	1557
42319752	1558
42319804	1559
42319800	1560
42319803	1561
42319805	1562
42324696	1563
42325680	1564
42325687	1565
42327663	1566
42329850	1567
42343734	1568
42350173	1569
42387708	1570
42387748	1571
42334676	1572
42335961	1573
42341677	1574
42343651	1575
42344685	1576
42344687	1577
42350012	1578
42356800	1579
42356850	1580
42358116	1581
42362686	1582
42365807	1583
42372665	1584
42365816	1585
42365835	1586
42368657	1587
42370676	1588
42372664	1589
42372679	1590
42377657	1591
42380654	1592
42383982	1593
42387680	1594
42389651	1595
42389653	1596
42389654	1597
42389657	1598
42390677	1599
42390692	1600
42390694	1601
42390693	1602
42438660	1603
42438662	1604
42442687	1605
42452784	1606
42452787	1607
42457666	1608
42491720	1609
42400905	1610
42400939	1611
42403657	1612
42408705	1613
42410115	1614
42414913	1615
42415668	1616
42416652	1617
42428666	1618
42429656	1619
42429686	1620
42431675	1621
42436656	1622
42438674	1623
42439661	1624
42442657	1625
42444658	1626
42447671	1627
42452779	1628
42452796	1629
42453900	1630
42453938	1631
42461658	1632
42461661	1633
42461683	1634
42461706	1635
42461718	1636
42461713	1637
42467667	1638
42467672	1639
42470695	1640
42470730	1641
42484671	1642
42485651	1643
42491668	1644
42508739	1645
42513813	1646
42520672	1647
42520677	1648
42544683	1649
42613946	1650
42499657	1651
42499690	1652
42499749	1653
42500751	1654
42501682	1655
42508654	1656
42508658	1657
42508702	1658
42525732	1659
42508730	1660
42508731	1661
42508734	1662
42508737	1663
42513760	1664
42513834	1665
42517692	1666
42519696	1667
42525699	1668
42556144	1669
42528670	1670
42528697	1671
42532668	1672
42572917	1673
42542695	1674
42544696	1675
42545693	1676
42551677	1677
42555312	1678
42556125	1679
42559662	1680
42559691	1681
42559692	1682
42564673	1683
42572926	1684
42572927	1685
42583698	1686
42588693	1687
42592698	1688
42597049	1689
42603803	1690
42597667	1691
42597671	1692
42597692	1693
42597696	1694
42597697	1695
42603802	1696
42605655	1697
42605674	1698
42613948	1699
42743684	1700
42786680	1701
42796675	1702
42624651	1703
42624652	1704
42624675	1705
42646677	1706
42627680	1707
42640669	1708
42649673	1709
42640674	1710
42645731	1711
42640691	1712
42641688	1713
42646651	1714
42646691	1715
42646694	1716
42646695	1717
42646699	1718
42649652	1719
42648674	1720
42649651	1721
42660686	1722
42664668	1723
42664671	1724
42665677	1725
42670750	1726
42688676	1727
42674674	1728
42676708	1729
42694657	1730
42696665	1731
42697670	1732
42705752	1733
42710685	1734
42710688	1735
42712657	1736
42722651	1737
42722655	1738
42724659	1739
42732392	1740
42738713	1741
42743685	1742
42748852	1743
42746293	1744
42748884	1745
42751657	1746
42761681	1747
42769665	1748
42761682	1749
42763653	1750
42761699	1751
42763674	1752
42763676	1753
42763681	1754
42769664	1755
42773650	1756
42777660	1757
42794116	1758
42794149	1759
42798679	1760
42798683	1761
42911696	1762
42939022	1763
42976709	1764
42986652	1765
42996678	1766
42808682	1767
42808694	1768
42819678	1769
42819679	1770
42824651	1771
42826662	1772
42828653	1773
42844699	1774
42846650	1775
42858673	1776
42861754	1777
42858675	1778
42858676	1779
42864656	1780
42858695	1781
42864655	1782
42864674	1783
42868666	1784
42878682	1785
42901673	1786
42878698	1787
42887674	1788
42888672	1789
42888695	1790
42898668	1791
42898669	1792
42898671	1793
42903686	1794
42903688	1795
42907680	1796
42907684	1797
42907687	1798
42907688	1799
42910690	1800
42916662	1801
42916691	1802
42922925	1803
42923695	1804
42931948	1805
42937650	1806
42937682	1807
42941657	1808
42950669	1809
42950686	1810
42950690	1811
42976662	1812
42976712	1813
43008694	1814
42986690	1815
42988657	1816
42989660	1817
42989690	1818
42995661	1819
42996686	1820
43000657	1821
43000742	1822
43305669	1823
43015658	1824
43019653	1825
43020686	1826
43029965	1827
43033687	1828
43034699	1829
43038657	1830
43039697	1831
43046655	1832
43055658	1833
43059659	1834
43061658	1835
43061660	1836
43061720	1837
43061724	1838
43066694	1839
43067696	1840
43072650	1841
43072670	1842
43075692	1843
43082659	1844
43076680	1845
43087663	1846
43091670	1847
43091682	1848
43091683	1849
43092662	1850
43106715	1851
43106716	1852
43111778	1853
43106717	1854
43106720	1855
43119696	1856
43143686	1857
43143687	1858
43148687	1859
43153679	1860
43155696	1861
43159684	1862
43175666	1863
43179720	1864
43179721	1865
43185739	1866
43188653	1867
43192651	1868
43192689	1869
43197683	1870
43204666	1871
43213694	1872
43219673	1873
43229677	1874
43236688	1875
43237675	1876
43237674	1877
43237679	1878
43241661	1879
43254664	1880
43267862	1881
43267863	1882
43267871	1883
43267865	1884
43277662	1885
43277701	1886
43277703	1887
43284702	1888
43284737	1889
43285705	1890
43285706	1891
43285707	1892
43285711	1893
43285720	1894
43296655	1895
43297650	1896
43298672	1897
43302697	1898
43312696	1899
43568676	1900
43625667	1901
43629651	1902
43629669	1903
43642652	1904
43657664	1905
43722694	1906
43795661	1907
43799666	1908
43849687	1909
43897743	1910
43310651	1911
43313670	1912
43323163	1913
43323171	1914
43330666	1915
43376683	1916
43331683	1917
43346680	1918
43347694	1919
43360699	1920
43376659	1921
43377661	1922
43386658	1923
43386665	1924
43393676	1925
43393692	1926
43393716	1927
43395763	1928
43395778	1929
43396659	1930
43425674	1931
43427662	1932
43435685	1933
43427668	1934
43438674	1935
43435675	1936
43445672	1937
43437670	1938
43438662	1939
43454658	1940
43454659	1941
43457671	1942
43457684	1943
43459758	1944
43485660	1945
43485685	1946
43485686	1947
43485681	1948
43485687	1949
43485683	1950
43488650	1951
43488679	1952
43491651	1953
43491664	1954
43491694	1955
43491698	1956
43524687	1957
43524698	1958
43525672	1959
43545935	1960
43525674	1961
43534698	1962
43543686	1963
43545925	1964
43545940	1965
43549676	1966
43572664	1967
43591724	1968
43593712	1969
43593720	1970
43600661	1971
43614655	1972
43615668	1973
43615732	1974
43621663	1975
43625660	1976
43629678	1977
43633662	1978
43633663	1979
43642666	1980
43646653	1981
43653678	1982
43668703	1983
43668705	1984
43668707	1985
43703667	1986
43711696	1987
43668706	1988
43691688	1989
43691690	1990
43694656	1991
43691691	1992
43709665	1993
43711691	1994
43713654	1995
43775502	1996
43778684	1997
43795654	1998
43799677	1999
43795657	2000
43809664	2001
43810680	2002
43810685	2003
43815656	2004
43817674	2005
43817692	2006
43823651	2007
43829692	2008
43838664	2009
43842654	2010
43853655	2011
43853662	2012
43853699	2013
43869674	2014
43870658	2015
43897734	2016
43887691	2017
43887692	2018
43892655	2019
43892657	2020
43892662	2021
43897702	2022
43897717	2023
43897742	2024
43897745	2025
43953653	2026
43987672	2027
44030748	2028
44057676	2029
43908658	2030
43921651	2031
43921663	2032
43921666	2033
43921679	2034
43922680	2035
43932693	2036
43951687	2037
43962697	2038
43966750	2039
43981700	2040
43993650	2041
44002653	2042
43993651	2043
43999666	2044
43999667	2045
43999683	2046
44002692	2047
44007660	2048
44007678	2049
44016695	2050
44021655	2051
44021658	2052
44028694	2053
44030739	2054
44030743	2055
44037659	2056
44039674	2057
44039688	2058
44041653	2059
44041694	2060
44041695	2061
44044765	2062
44044766	2063
44047653	2064
44057667	2065
44057669	2066
44057671	2067
44057672	2068
47578782	2069
44124786	2070
44350657	2071
47649893	2072
44073659	2073
44074652	2074
44074674	2075
44085687	2076
44085692	2077
44102685	2078
44105867	2079
44108339	2080
44129658	2081
44134697	2082
44134699	2083
44137666	2084
44154733	2085
44172666	2086
44177667	2087
44189650	2088
44189653	2089
44194750	2090
44209663	2091
44224680	2092
44229666	2093
44229667	2094
44233690	2095
44238750	2096
44250656	2097
44254655	2098
44260657	2099
44263687	2100
44274688	2101
44285651	2102
44298679	2103
44310665	2104
